68 0.9031 0.2565 -0.07617 0 images/DSC_1818.JPG 
67 0.77571 0.19595 -0.07544 0 images/DSC_1817.JPG 
66 0.67415 0.23727 -0.07648 0 images/DSC_1816.JPG 
65 0.73033 0.27846 -0.07678 0 images/DSC_1815.JPG 
64 0.73039 0.27846 -0.07675 0 images/DSC_1814.JPG 
63 0.78243 0.29745 -0.06479 0 images/DSC_1813.JPG 
62 0.78228 0.2973 -0.06485 0 images/DSC_1812.JPG 
61 0.90212 0.19617 -0.06397 0 images/DSC_1811.JPG 
60 0.75346 0.07041 -0.06219 0 images/DSC_1810.JPG 
59 0.63264 0.19151 -0.07201 0 images/DSC_1809.JPG 
58 0.60536 0.24965 -0.08949 0 images/DSC_1808.JPG 
57 0.79256 0.27045 -0.08587 0 images/DSC_1807.JPG 
56 0.85006 0.07098 -0.08549 0 images/DSC_1806.JPG 
55 0.69171 -0.03733 -0.08488 0 images/DSC_1804.JPG 
54 2.13713 1.25205 -0.08591 0 images/DSC_1803.JPG 
53 1.64199 1.51483 -0.08349 0 images/DSC_1802.JPG 
52 1.13273 1.85833 -0.08246 0 images/DSC_1800.JPG 
51 0.6009 1.87671 -0.08371 0 images/DSC_1799.JPG 
50 -0.13625 1.62669 -0.08449 0 images/DSC_1798.JPG 
49 -0.68124 1.20534 -0.08335 0 images/DSC_1797.JPG 
48 -1.04471 0.79 -0.08321 0 images/DSC_1796.JPG 
47 -1.26197 0.40441 -0.08316 0 images/DSC_1795.JPG 
25 1.29015 -0.92326 -0.06551 0 images/DSC_1772.JPG 
26 0.607 -1.24024 -0.06533 0 images/DSC_1773.JPG 
27 -0.00669 -1.36446 -0.06483 0 images/DSC_1774.JPG 
28 -0.70046 -1.17022 -0.06679 0 images/DSC_1775.JPG 
29 -1.24561 -0.73114 -0.06743 0 images/DSC_1776.JPG 
30 -1.49671 0.01193 -0.06755 0 images/DSC_1777.JPG 
31 -1.20118 0.62468 -0.06602 0 images/DSC_1778.JPG 
32 -0.43937 1.22499 -0.06305 0 images/DSC_1779.JPG 
33 0.11553 1.55456 -0.06226 0 images/DSC_1780.JPG 
34 0.69352 1.74518 -0.06441 0 images/DSC_1782.JPG 
35 1.37565 1.59518 -0.06536 0 images/DSC_1783.JPG 
36 1.74198 1.12662 -0.06552 0 images/DSC_1784.JPG 
46 -1.21606 -0.17019 -0.08477 0 images/DSC_1794.JPG 
45 -0.91842 -0.76208 -0.08455 0 images/DSC_1793.JPG 
44 -0.55373 -1.07809 -0.08508 0 images/DSC_1792.JPG 
43 -0.03713 -1.1368 -0.08187 0 images/DSC_1791.JPG 
42 0.61133 -1.11315 -0.08166 0 images/DSC_1790.JPG 
41 1.36153 -0.92828 -0.0806 0 images/DSC_1789.JPG 
40 1.85663 -0.49441 -0.08205 0 images/DSC_1788.JPG 
39 2.12345 -0.13809 -0.08165 0 images/DSC_1787.JPG 
38 2.26503 0.44308 -0.08567 0 images/DSC_1786.JPG 
37 2.04219 0.90148 -0.08451 0 images/DSC_1785.JPG 
24 1.74375 -0.79693 -0.06538 0 images/DSC_1771.JPG 
23 2.15739 -0.50915 -0.06462 0 images/DSC_1770.JPG 
10 -0.92913 -0.67269 -0.0717 0 images/DSC_1754.JPG 
9 -0.46242 -0.875 -0.07143 0 images/DSC_1753.JPG 
8 0.1033 -1.0398 -0.07085 0 images/DSC_1751.JPG 
7 0.68319 -0.9784 -0.0693 0 images/DSC_1750.JPG 
6 1.21261 -0.72343 -0.06957 0 images/DSC_1749.JPG 
5 1.62018 -0.44535 -0.06945 0 images/DSC_1748.JPG 
4 1.87437 -0.25802 -0.06946 0 images/DSC_1747.JPG 
3 2.03237 0.01404 -0.0714 0 images/DSC_1746.JPG 
2 2.06382 0.31956 -0.06837 0 images/DSC_1745.JPG 
1 1.88445 0.65587 -0.06954 0 images/DSC_1744.JPG 
11 -1.2696 -0.20556 -0.0716 0 images/DSC_1755.JPG 
12 -1.30738 0.20945 -0.06986 0 images/DSC_1756.JPG 
13 -1.00699 0.50686 -0.06943 0 images/DSC_1758.JPG 
14 -0.56204 0.78028 -0.07115 0 images/DSC_1759.JPG 
15 0.02215 1.15602 -0.06965 0 images/DSC_1760.JPG 
16 0.67052 1.41565 -0.06855 0 images/DSC_1761.JPG 
17 1.30911 1.34886 -0.07153 0 images/DSC_1762.JPG 
18 1.69622 1.09103 -0.07096 0 images/DSC_1763.JPG 
19 2.11085 0.86131 -0.07247 0 images/DSC_1765.JPG 
20 2.22482 0.71231 -0.06806 0 images/DSC_1766.JPG 
21 2.42878 0.33725 -0.06665 0 images/DSC_1767.JPG 
22 2.38169 -0.16623 -0.06411 0 images/DSC_1768.JPG 
